Date,ABBN.VX,ADEN.VX,BAER.VX,CFR.VX,CSGN.VX,GEBN.VX,GIVN.VX,LHN.VX,LONN.VX,NESN.VX,NOVN.VX,ROG.VX,SCMN.VX,SGSN.VX,SIK.VX,SLHN.VX,SREN.VX,UBSG.VX,UHR.VX,ZURN.VX
2017-09-08,22.719998999999998,69.699997,53.299999,88.050003,13.98,439.200012,2007.0,56.799999,246.899994,81.050003,81.0,244.30000299999998,475.299988,2175.0,6920.0,331.5,82.150002,15.64,382.100006,278.600006
2017-09-07,22.77,70.099998,53.25,87.349998,13.9,441.799988,2009.0,56.200001,245.80000299999998,80.849998,80.949997,242.899994,477.60000599999995,2193.0,6935.0,333.5,82.900002,17.35,380.700012,280.0
2017-09-06,22.73,69.699997,53.349998,86.099998,14.01,438.5,1973.0,55.950001,242.5,80.550003,80.099998,242.600006,475.10000599999995,2176.0,6800.0,335.399994,83.75,15.56,375.399994,280.5
2017-09-05,22.610001,69.75,53.049999,86.0,13.92,438.5,1977.0,56.5,244.0,80.949997,80.099998,242.30000299999998,476.0,2136.0,6800.0,337.299988,84.5,15.51,377.200012,282.5
2017-09-04,22.450001,69.849998,53.400002,84.900002,14.0,438.39999400000005,1973.0,56.849998,243.100006,80.25,80.050003,242.69999700000002,477.60000599999995,2142.0,6870.0,342.200012,85.849998,15.7,378.0,285.0
2017-09-01,22.41,70.050003,54.299999,86.099998,14.17,439.10000599999995,1973.0,57.150002,244.5,81.0,80.849998,244.19999700000002,481.89999400000005,2150.0,6875.0,347.0,86.949997,17.35,386.399994,287.200012
2017-08-31,22.200001,69.5,53.599998,85.75,14.1,438.10000599999995,1960.0,56.349998,242.80000299999998,81.349998,80.900002,243.5,483.60000599999995,2143.0,6800.0,343.200012,86.849998,15.8,382.799988,286.899994
2017-08-30,21.9,69.199997,53.400002,85.050003,14.09,441.200012,1964.0,56.099998,242.0,80.949997,79.25,241.19999700000002,480.60000599999995,2129.0,6720.0,344.799988,86.25,15.83,377.799988,286.299988
2017-08-29,21.709999,68.449997,53.0,84.949997,14.0,439.299988,1948.0,55.950001,237.100006,80.599998,79.199997,241.100006,474.60000599999995,2112.0,6655.0,338.700012,85.5,15.71,375.100006,285.299988
2017-08-28,22.08,69.0,53.650002,85.5,14.36,441.10000599999995,1961.0,57.0,237.80000299999998,80.349998,79.400002,241.899994,477.0,2129.0,6655.0,344.0,87.0,16.01,376.299988,290.100006
2017-08-25,22.26,69.650002,53.75,85.25,14.43,444.39999400000005,1968.0,57.25,237.80000299999998,80.599998,80.199997,242.0,479.0,2149.0,6700.0,346.700012,87.900002,16.08,377.600006,292.100006
2017-08-24,22.290001,70.650002,53.799999,85.0,14.36,445.5,1967.0,57.650002,236.5,81.449997,80.449997,242.5,481.89999400000005,2157.0,6750.0,345.899994,88.5,16.110001,377.5,292.700012
2017-08-23,22.33,71.25,53.549999,84.0,14.35,447.0,1953.0,58.099998,233.69999700000002,82.050003,80.550003,242.899994,482.700012,2155.0,6735.0,345.700012,88.599998,16.09,374.299988,293.0
2017-08-22,22.309998999999998,71.25,54.400002,83.75,14.36,456.89999400000005,1953.0,58.200001,234.399994,81.949997,80.650002,243.0,484.700012,2161.0,6700.0,347.200012,88.449997,16.129998999999998,373.799988,292.700012
2017-08-21,21.889999,70.300003,53.950001,82.449997,14.26,452.0,1935.0,57.549999,230.19999700000002,81.300003,79.949997,240.399994,479.5,2144.0,6695.0,346.299988,87.650002,16.110001,371.5,291.700012
2017-08-18,21.940001000000002,70.25,53.900002,82.199997,14.38,446.5,1930.0,57.5,229.100006,80.849998,79.800003,241.399994,474.60000599999995,2141.0,6640.0,346.200012,87.449997,16.23,371.0,291.600006
2017-08-17,22.48,71.199997,54.700001,83.599998,14.59,479.0,1954.0,58.5,232.19999700000002,81.849998,81.949997,245.100006,478.700012,2169.0,6715.0,350.399994,88.699997,16.610001,377.299988,296.200012
2017-08-16,22.48,71.199997,54.700001,83.599998,14.59,479.0,1954.0,58.5,232.19999700000002,81.849998,81.949997,245.100006,478.700012,2169.0,6715.0,350.399994,88.699997,16.610001,377.299988,296.200012
2017-08-15,22.290001,70.099998,54.299999,84.150002,14.63,479.700012,1940.0,58.150002,224.80000299999998,82.400002,81.5,244.399994,481.60000599999995,2154.0,6715.0,350.899994,89.349998,16.65,381.899994,294.0
2017-08-14,22.290001,70.099998,54.299999,84.150002,14.63,479.700012,1940.0,58.150002,224.80000299999998,82.400002,81.5,244.399994,481.60000599999995,2154.0,6715.0,350.899994,89.349998,16.65,381.899994,294.0
2017-08-11,21.98,68.949997,52.450001,82.599998,14.34,470.200012,1916.0,57.5,222.30000299999998,80.849998,79.900002,242.30000299999998,472.89999400000005,2127.0,6590.0,345.399994,88.25,17.35,375.899994,289.200012
2017-08-10,22.08,69.400002,53.400002,83.25,14.53,472.60000599999995,1928.0,58.049999,223.0,81.75,80.449997,243.0,476.5,2149.0,6560.0,348.299988,88.650002,16.549999,377.399994,292.100006
2017-08-09,22.309998999999998,73.900002,53.900002,83.800003,14.76,476.5,1944.0,58.450001,224.899994,82.199997,80.949997,244.19999700000002,479.200012,2164.0,6610.0,354.5,90.300003,17.35,383.100006,293.299988
2017-08-08,22.809998999999998,74.949997,55.299999,85.349998,15.22,481.89999400000005,1966.0,59.75,227.0,83.550003,82.449997,247.399994,482.5,2186.0,6685.0,363.5,91.650002,16.92,393.700012,297.5
2017-08-07,22.620001000000002,74.599998,55.650002,85.449997,15.27,483.39999400000005,1971.0,59.5,228.19999700000002,83.150002,82.050003,247.399994,481.700012,2178.0,6660.0,362.899994,91.900002,16.959999,395.700012,298.100006
2017-08-04,22.75,74.400002,55.5,85.349998,15.27,482.0,1979.0,58.950001,228.5,83.199997,82.599998,248.19999700000002,480.89999400000005,2181.0,6730.0,362.799988,92.050003,17.35,398.700012,297.200012
2017-08-03,22.76,73.949997,55.75,84.349998,14.96,475.60000599999995,1967.0,58.549999,230.30000299999998,82.599998,82.349998,246.899994,479.200012,2175.0,6735.0,361.700012,94.949997,16.940001000000002,395.100006,298.600006
2017-08-02,22.799999,74.449997,55.549999,83.150002,14.92,473.5,1973.0,57.900002,232.0,82.25,82.75,246.399994,476.39999400000005,2164.0,6625.0,361.600006,94.699997,16.92,392.0,298.700012
2017-07-31,22.700001,73.650002,54.700001,82.150002,14.88,465.200012,1925.0,58.049999,230.399994,81.699997,82.400002,244.899994,472.700012,2138.0,6645.0,353.0,93.25,16.82,383.600006,294.5
2017-07-28,22.66,73.050003,54.099998,81.900002,15.13,457.799988,1913.0,57.549999,231.399994,81.699997,81.650002,242.5,471.89999400000005,2157.0,6650.0,347.399994,92.800003,16.9,382.899994,292.700012
2017-07-27,22.469998999999998,72.75,54.650002,80.650002,14.67,454.299988,1917.0,57.299999,233.399994,81.550003,81.75,242.899994,475.0,2175.0,6655.0,346.100006,92.699997,17.35,377.5,294.299988
2017-07-26,22.32,72.449997,53.299999,79.449997,14.71,451.39999400000005,1919.0,57.299999,231.100006,82.349998,80.800003,242.399994,472.299988,2175.0,6565.0,343.200012,91.949997,17.35,369.0,290.5
2017-07-25,22.305,71.599998,53.75,78.900002,14.58,447.799988,1905.0,57.549999,214.30000299999998,82.199997,79.800003,242.30000299999998,466.5,2170.0,6490.0,341.700012,91.650002,17.27,368.200012,289.899994
2017-07-24,22.16,70.849998,52.099998,79.150002,14.45,449.89999400000005,1902.0,57.150002,213.399994,81.849998,79.550003,242.600006,467.0,2193.0,6470.0,338.399994,90.449997,17.35,366.0,286.0
2017-07-21,22.540001,71.449997,49.869999,80.150002,14.24,451.10000599999995,1921.0,56.400002,215.399994,82.699997,80.300003,244.0,469.39999400000005,2214.0,6445.0,337.600006,90.699997,16.67,371.0,286.399994
2017-07-20,23.24,72.300003,50.650002,79.949997,14.5,457.10000599999995,1901.0,56.849998,216.69999700000002,83.349998,81.300003,245.30000299999998,471.5,2255.0,6505.0,341.5,90.150002,17.01,363.399994,288.299988
2017-07-19,23.9,72.900002,50.549999,80.0,14.44,457.89999400000005,1960.0,56.700001,217.5,83.349998,81.199997,244.100006,470.89999400000005,2260.0,6475.0,341.299988,90.150002,16.950001,360.5,288.0
2017-07-18,23.780001000000002,72.349998,50.450001,79.400002,14.32,456.299988,1965.0,57.200001,214.399994,83.0,80.5,243.19999700000002,467.5,2253.0,6450.0,339.600006,89.75,16.780001000000002,359.0,286.600006
2017-07-17,24.129998999999998,72.349998,50.650002,80.800003,14.61,459.39999400000005,1977.0,57.450001,216.0,83.599998,80.150002,246.0,468.10000599999995,2261.0,6460.0,343.799988,90.699997,16.889999,363.100006,289.799988
2017-07-14,24.120001000000002,73.0,50.75,79.849998,14.63,457.89999400000005,1959.0,56.700001,214.5,84.0,79.900002,246.19999700000002,466.10000599999995,2341.0,6460.0,343.0,90.199997,16.860001,353.799988,290.299988
2017-07-13,24.120001000000002,72.75,51.299999,79.5,14.74,455.60000599999995,1912.0,56.900002,212.19999700000002,83.800003,79.699997,243.100006,467.5,2342.0,6380.0,343.299988,90.449997,16.870001000000002,352.100006,290.399994
2017-07-12,24.290001,72.550003,51.25,79.300003,14.61,456.5,1906.0,56.950001,215.0,83.699997,80.5,243.399994,466.39999400000005,2332.0,6360.0,342.100006,90.449997,16.799999,351.700012,289.5
2017-07-11,23.85,71.800003,50.700001,77.900002,14.55,447.60000599999995,1884.0,55.849998,210.30000299999998,82.349998,78.800003,238.5,462.799988,2296.0,6185.0,341.5,90.449997,16.84,348.0,286.5
2017-07-10,23.799999,73.349998,51.799999,78.300003,14.63,448.60000599999995,1905.0,56.25,209.80000299999998,82.900002,79.5,241.19999700000002,465.200012,2320.0,6230.0,342.100006,91.050003,16.940001000000002,352.299988,289.200012
2017-07-07,23.700001,72.400002,51.599998,78.0,14.62,447.299988,1885.0,55.400002,211.0,81.849998,79.050003,240.5,463.10000599999995,2287.0,6205.0,338.0,90.550003,16.84,355.100006,286.850006
2017-07-06,23.799999,72.550003,51.400002,77.5,14.52,445.0,1892.0,55.650002,210.399994,82.25,78.849998,241.899994,463.39999400000005,2290.0,6205.0,336.299988,90.449997,17.35,349.200012,285.700012
2017-07-05,23.889999,72.900002,52.200001,79.150002,14.46,448.700012,1928.0,56.200001,214.5,82.400002,80.150002,244.5,466.60000599999995,2316.0,6260.0,335.299988,89.599998,16.709999,355.0,285.799988
2017-07-04,23.719998999999998,72.75,51.75,79.25,14.44,448.0,1921.0,56.200001,212.600006,83.050003,80.349998,245.399994,468.39999400000005,2320.0,6175.0,335.5,89.400002,16.709999,351.0,284.600006
2017-07-03,23.959999,73.5,51.849998,79.599998,14.31,451.0,1920.0,56.400002,213.100006,83.699997,80.599998,246.399994,469.10000599999995,2323.0,6200.0,332.600006,89.150002,16.790001,357.299988,284.700012
2017-06-30,23.68,72.900002,50.450001,79.0,13.86,447.200012,1916.0,54.849998,207.300003,83.5,79.800003,244.19999700000002,462.700012,2318.0,6160.0,323.600006,87.650002,16.24,354.100006,279.100006
2017-06-29,23.629998999999998,72.699997,51.299999,78.550003,14.1,446.0,1911.0,55.0,204.699997,83.599998,80.449997,246.600006,463.89999400000005,2310.0,6145.0,323.299988,87.800003,16.360001,353.399994,276.299988
2017-06-28,24.07,73.599998,51.650002,80.050003,13.82,452.5,1927.0,56.299999,207.5,85.400002,82.0,251.30000299999998,464.89999400000005,2342.0,6195.0,325.299988,88.550003,16.290001,360.0,278.0
2017-06-27,24.4,73.699997,51.650002,80.199997,13.74,453.799988,1931.0,56.549999,207.600006,84.300003,82.800003,252.0,465.0,2355.0,6280.0,322.700012,88.800003,16.0,362.0,281.700012
2017-06-26,24.639999,73.849998,51.349998,80.5,13.49,457.0,1943.0,56.25,208.5,85.650002,83.400002,252.0,469.299988,2375.0,6310.0,323.899994,89.400002,17.35,367.5,284.0
2017-06-23,24.57,73.75,50.900002,80.75,13.35,458.5,1955.0,55.950001,209.0,82.25,83.699997,253.69999700000002,468.39999400000005,2364.0,6385.0,323.899994,89.300003,15.61,369.100006,284.600006
2017-06-22,24.58,74.400002,51.049999,80.699997,13.43,457.799988,1977.0,55.549999,207.600006,82.199997,83.800003,252.80000299999998,467.200012,2362.5,6400.0,325.799988,89.400002,15.76,370.899994,286.799988
2017-06-21,24.610001,74.400002,50.950001,80.150002,13.5,461.10000599999995,1996.0,55.75,206.300003,82.800003,79.849998,252.399994,466.700012,2378.0,6465.0,329.5,89.550003,15.74,368.0,288.700012
2017-06-20,24.49,74.699997,51.200001,80.599998,13.46,462.200012,1992.0,55.799999,204.699997,83.900002,79.800003,253.100006,467.89999400000005,2393.0,6360.0,335.299988,90.349998,15.68,370.600006,292.5
2017-06-19,24.77,75.099998,51.549999,80.849998,13.61,464.0,2000.0,56.549999,204.699997,83.449997,79.199997,255.5,467.5,2402.0,6405.0,332.200012,89.5,15.85,372.899994,291.899994
2017-06-16,24.5,74.150002,51.75,80.050003,13.16,459.5,1970.0,56.349998,202.600006,83.449997,78.099998,254.19999700000002,465.14999400000005,2379.0,6375.0,330.100006,88.25,15.78,364.600006,289.600006
2017-06-15,24.24,73.699997,51.049999,79.550003,13.04,450.0,1968.0,55.799999,198.199997,80.900002,78.449997,251.899994,456.5,2351.0,6240.0,324.299988,87.449997,15.63,363.5,285.899994
2017-06-14,24.360001,73.5,50.549999,79.5,13.18,450.39999400000005,1989.0,56.549999,200.199997,80.650002,78.550003,250.100006,460.299988,2344.0,6280.0,325.600006,88.300003,15.6,368.700012,286.899994
2017-06-13,24.43,73.800003,50.849998,79.699997,13.32,447.299988,1976.0,56.799999,198.100006,80.75,78.800003,250.69999700000002,458.299988,2319.0,6330.0,325.100006,88.050003,15.75,368.0,286.200012
2017-06-12,24.23,72.800003,49.490002000000004,78.550003,13.31,445.799988,1954.0,56.700001,197.300003,80.550003,78.099998,247.69999700000002,457.5,2295.0,6265.0,322.700012,88.050003,17.35,360.5,284.299988
2017-06-09,24.58,73.25,50.0,79.300003,13.43,450.39999400000005,1966.0,57.0,203.199997,80.949997,78.800003,247.69999700000002,458.60000599999995,2320.0,6330.0,322.899994,87.25,15.49,362.299988,284.899994
2017-06-08,24.469998999999998,73.300003,49.900002,79.0,13.21,448.89999400000005,1953.0,56.299999,198.899994,80.949997,78.5,247.5,459.200012,2299.0,6275.0,319.0,87.150002,15.34,358.399994,282.899994
2017-06-07,24.379998999999998,72.400002,49.77,79.75,13.25,452.299988,1962.0,56.0,200.300003,82.800003,78.550003,248.5,460.5,2312.0,6310.0,320.799988,87.449997,17.35,366.799988,282.799988
2017-06-06,24.549999,71.900002,49.400002,78.75,13.19,453.200012,1994.0,56.450001,202.399994,83.400002,78.75,249.600006,461.10000599999995,2297.0,6330.0,317.600006,87.400002,15.35,368.200012,283.299988
2017-06-02,24.83,73.050003,49.900002,81.5,13.36,455.39999400000005,2014.0,57.599998,206.699997,82.949997,79.400002,264.600006,463.0,2322.0,6320.0,323.299988,88.550003,17.35,382.100006,284.299988
2017-06-01,24.389999,72.699997,50.0,80.75,13.27,454.200012,2008.0,57.950001,200.600006,82.800003,79.349998,264.799988,465.89999400000005,2326.0,6290.0,323.899994,88.699997,15.51,376.799988,285.0
2017-05-31,24.4,72.199997,50.150002,81.050003,13.3,453.10000599999995,1991.0,58.150002,200.600006,82.650002,79.300003,265.799988,464.39999400000005,2305.0,6240.0,323.100006,88.300003,15.4,375.200012,284.700012
2017-05-30,24.309998999999998,72.25,50.549999,80.5,13.46,449.60000599999995,2003.0,58.5,203.300003,82.349998,78.599998,266.700012,462.299988,2300.0,6150.0,325.100006,88.099998,17.35,378.299988,283.0
2017-05-29,24.41,72.849998,50.950001,81.25,13.61,452.89999400000005,2006.0,58.799999,204.899994,82.400002,78.5,267.100006,465.10000599999995,2316.0,6190.0,325.200012,88.449997,17.35,378.799988,285.5
2017-05-26,24.32,73.0,51.049999,81.25,13.69,449.89999400000005,1998.0,58.299999,205.399994,82.849998,78.599998,266.600006,465.299988,2316.0,6235.0,321.799988,87.650002,15.85,379.200012,286.100006
2017-05-24,24.360001,72.800003,51.25,80.900002,13.55,450.60000599999995,2013.0,58.450001,201.600006,82.150002,79.099998,267.200012,464.5,2321.0,6195.0,322.600006,87.599998,15.84,379.25,285.100006
2017-05-23,24.25,75.599998,51.400002,81.150002,13.43,449.700012,2013.0,58.700001,201.0,82.650002,79.050003,267.899994,464.39999400000005,2338.0,6135.0,321.299988,87.699997,16.059998999999998,383.867828,287.0
2017-05-22,24.370001000000002,75.150002,52.25,81.300003,13.4992,448.5,2020.0,57.849998,199.100006,83.400002,79.400002,267.899994,464.39999400000005,2345.0,6070.0,321.700012,87.849998,15.93,383.573059,286.5
2017-05-19,24.299999,75.0,51.700001,81.699997,13.5571,447.700012,1994.0,54.400002,197.800003,82.349998,78.75,267.0,456.39999400000005,2321.0,6325.0,321.200012,88.0,15.95,382.29580699999997,286.5
2017-05-18,24.110001,76.050003,50.799999,80.75,13.5282,444.299988,1965.0,53.950001,193.800003,81.050003,78.650002,265.100006,451.299988,2299.0,6190.0,318.0,87.25,15.77,375.516449,282.299988
2017-05-17,24.299999,75.849998,50.75,79.849998,13.6536,446.0,1952.0,54.099998,193.699997,81.699997,79.300003,269.0,453.200012,2319.0,6160.0,317.700012,88.0,15.9,377.38324,281.899994
2017-05-16,24.780001000000002,77.150002,52.400002,81.849998,14.0589,453.10000599999995,1966.0,55.75,198.100006,82.300003,80.199997,271.799988,459.200012,2355.0,6300.0,327.0,89.75,16.25,388.19088700000003,285.5
2017-05-15,24.68,77.050003,53.0,82.199997,14.3001,453.39999400000005,1963.0,56.299999,199.800003,81.300003,80.449997,269.5,456.89999400000005,2331.0,6255.0,328.700012,89.800003,16.610001,389.566376,283.5
2017-05-12,24.709999,76.550003,52.900002,81.599998,14.2229,455.299988,1963.0,56.400002,199.399994,81.400002,80.900002,270.5,457.700012,2320.0,6150.0,326.700012,89.550003,16.82,386.520599,281.899994
2017-05-11,24.709999,77.0,52.849998,85.900002,14.4159,456.10000599999995,1948.0,56.25,198.399994,80.75,78.949997,267.399994,451.5,2293.0,6300.0,325.0,89.0,16.82,402.33905,280.0
2017-05-10,24.76,77.449997,53.5,85.5,14.551,456.89999400000005,1948.0,56.5,196.850006,80.699997,79.349998,267.600006,455.5,2304.0,6435.0,329.100006,90.099998,17.049999,403.714569,279.399994
2017-05-09,24.700001,76.650002,52.5,85.099998,14.4642,459.200012,1961.0,56.75,196.100006,80.949997,79.150002,272.600006,454.200012,2299.0,6485.0,335.5,90.650002,16.950001,402.732056,278.5
2017-05-08,24.459999,75.0,52.200001,84.699997,14.237,458.60000599999995,1962.0,54.900002,190.100006,80.449997,77.949997,270.100006,453.799988,2268.0,6550.0,334.200012,89.849998,16.969998999999998,399.588043,277.100006
2017-05-05,24.459999,75.199997,52.099998,85.099998,14.301337,461.39999400000005,1954.0,55.099998,188.399994,80.0,76.849998,268.899994,448.89999400000005,2258.0,6490.0,334.399994,89.449997,17.4,405.188324,277.799988
2017-05-04,24.41,74.550003,52.049999,84.949997,14.20021,459.299988,1962.0,54.665764,185.300003,79.25,76.949997,267.899994,447.0,2264.0,6440.0,334.100006,89.099998,17.4,399.489777,276.799988
2017-05-03,24.34,74.099998,51.75,84.300003,14.062195000000001,457.0,1948.0,54.135025,188.100006,77.5,76.800003,265.100006,443.700012,2264.0,6385.0,330.0,87.5,17.25,396.149231,274.399994
2017-05-02,24.41,75.0,51.700001,83.550003,13.970217000000002,449.700012,1943.0,55.341243999999996,190.300003,77.150002,77.0,262.600006,436.299988,2263.0,6425.0,331.700012,86.800003,17.110001,395.559723,273.700012
2017-04-28,24.360001,73.900002,51.849998,83.150002,13.915029999999998,453.200012,1917.0,54.424521999999996,188.5,76.650002,76.550003,260.299988,434.0,2239.0,6350.0,323.799988,86.599998,17.0,391.3349,275.399994
2017-04-27,24.35,73.300003,50.75,84.199997,14.025404,451.10000599999995,1941.0,54.907008999999995,191.279007,77.449997,76.900002,260.299988,436.10000599999995,2250.0,6355.0,323.799988,86.800003,16.65,392.906921,273.0
2017-04-26,24.219998999999998,73.64298199999999,50.700001,84.0,14.448502,448.799988,1925.0,55.292995,195.261993,77.550003,76.150002,257.799988,438.89999400000005,2229.0,6380.0,334.799988,87.150002,16.690001000000002,393.005188,273.399994
2017-04-25,23.959999,73.54499100000001,50.650002,82.349998,14.071439999999999,445.89999400000005,1920.0,55.630736999999996,188.037003,77.199997,75.699997,257.0,440.799988,2214.0,6280.0,334.100006,82.25,16.530001000000002,368.540619,271.399994
2017-04-24,23.76,73.740974,50.5,80.449997,13.841448999999999,440.10000599999995,1923.0,55.582485,180.62600700000002,77.300003,74.099998,255.0,437.299988,2199.0,6245.0,332.399994,81.447327,16.33,368.835358,271.200012
2017-04-21,23.17,71.193115,49.209998999999996,78.550003,13.271282000000001,427.799988,1894.0,55.92023100000001,176.828995,75.699997,73.300003,251.69999700000002,437.200012,2185.0,6130.0,326.799988,79.48043100000001,15.56,359.89447,264.600006
2017-04-20,22.73,71.63409399999999,49.43,78.75,13.344864999999999,429.200012,1911.0,56.306217000000004,176.64300500000002,75.599998,73.25,253.0,437.200012,2181.0,6190.0,324.600006,79.21221899999999,15.5,361.36825600000003,264.0
2017-04-19,22.280001000000002,70.899132,48.5,78.699997,13.216095999999999,427.60000599999995,1907.0,55.05175,177.662003,75.199997,73.099998,254.5,436.700012,2169.0,6175.0,320.299988,78.899307,15.42,360.97525,263.5
2017-04-18,21.969998999999998,69.870193,47.650002,79.400002,13.022989,425.39999400000005,1891.0,54.714012,177.384003,75.900002,72.900002,252.80000299999998,433.700012,2159.0,6165.0,322.299988,79.03340899999999,15.2,358.322479,263.200012
2017-04-13,22.221306,70.85013599999999,49.290001000000004,80.099998,13.243641,428.60000599999995,1897.0,55.823730000000005,179.330002,76.400002,73.900002,256.700012,436.10000599999995,2181.0,6275.0,325.299988,79.79335,15.45,365.396545,266.700012
2017-04-12,22.327629,71.193115,49.700001,80.75,13.363259,429.299988,1903.0,56.547458999999996,180.348999,76.650002,74.199997,257.799988,437.200012,2179.0,6274.0,327.200012,80.106262,15.54,365.003571,267.5
2017-04-11,22.375956,70.311165,49.990002000000004,80.5,13.436842,424.700012,1889.0,56.83695600000001,177.477005,75.800003,74.449997,257.299988,436.5,2156.0,6195.206055,327.0,80.285072,15.7,362.05602999999996,268.600006
2017-04-10,22.520941,69.576202,50.150002,79.0,13.547215,424.60000599999995,1820.0,56.692206999999996,177.01400800000002,75.599998,74.25,255.80000299999998,438.5,2157.0,6150.883789,326.100006,80.419174,15.82,350.069366,268.299988
2017-04-07,22.723919,69.527206,50.049999,79.099998,13.354014000000001,423.700012,1817.0,56.74045600000001,175.994995,74.5,74.099998,256.399994,437.299988,2155.0,6027.768066,323.399994,80.37447399999999,15.68,350.364136,268.299988
2017-04-06,22.685257,68.841248,50.150002,78.650002,13.445992000000002,416.299988,1808.0,56.885204,176.087997,74.305984,74.150002,256.799988,437.5,2150.0,6008.069336,323.899994,80.73209399999999,15.69,349.676361,267.700012
2017-04-05,22.559604999999998,68.988235,49.970001,77.900002,13.409201000000001,417.764801,1806.0,57.271191,176.365997,74.208984,74.599998,257.899994,438.0,2144.0,5934.199707,320.299988,80.106262,15.67,344.960297,265.5
2017-04-04,22.636929000000002,68.988235,49.650002,78.300003,13.390804999999999,419.13198900000003,1795.0,57.31944300000001,174.050003,74.451492,74.75,257.0,436.60000599999995,2126.0,5983.445801,322.0,80.01686099999999,15.73,348.89035,263.799988
2017-04-03,22.511276000000002,69.331215,49.52,78.650002,13.436842,420.98742699999997,1792.0,57.029945,173.957001,74.451492,74.349998,256.200012,439.265686,2137.0,5963.747559,321.399994,79.972153,15.8,352.623901,262.200012
2017-03-31,22.646595,69.723198,50.0,79.199997,13.703529000000001,421.67099,1804.0,57.126445999999994,175.438995,74.5485,74.349998,255.80000299999998,439.93209800000005,2137.0,5919.425781,323.200012,80.419174,16.030001000000002,352.42739900000004,267.399994
2017-03-30,22.588601999999998,69.331215,49.91,78.050003,13.869089,429.092712,1802.0,56.933453,175.531998,74.985031,75.050003,257.899994,436.02877800000005,2125.0,5958.822754,324.399994,80.463875,15.95,349.872864,269.499969
2017-03-29,22.443614999999998,67.812302,49.66,78.5,13.703529000000001,427.725555,1787.0,55.582485,172.28999299999998,75.276039,74.5,255.399994,434.21994000000007,2114.0,5958.822754,322.700012,79.43573,15.78,346.33581499999997,270.555725
2017-03-28,22.375956,68.00829300000001,49.700001,77.5,13.629948,426.944336,1790.0,55.292995,168.492004,74.74251600000001,73.75,253.100006,434.315155,2101.0,5860.32959,318.200012,79.256927,15.6,343.781281,272.091339
2017-03-27,22.163313,68.106285,49.23,77.75,13.492029,424.69827300000003,1796.0,54.955256999999996,168.399002,75.082031,73.849998,252.899994,434.41033899999996,2097.0,5820.932617,317.299988,79.703949,15.44,344.763794,271.995361
2017-03-24,22.404953,68.890244,49.490002000000004,78.449997,13.427596,426.260742,1801.0,55.630736999999996,168.863007,74.88801600000001,73.75,252.899994,435.07675199999994,2100.0,5850.480469,317.600006,79.614548,15.54,347.80957,275.16256699999997
2017-03-23,22.50161,68.547256,49.369999,78.199997,13.390804999999999,426.358398,1793.2413329999997,55.968479,169.511002,75.082031,74.150002,252.600006,438.21844500000003,2105.0,5811.083496,319.5,80.37447399999999,15.6,347.220062,274.5867
2017-03-22,22.192307999999997,68.00829300000001,49.049999,76.900002,13.657588,422.061615,1790.331787,55.196498999999996,167.75100700000002,74.6455,73.400002,250.19999700000002,435.171967,2090.0,5781.535645,316.700012,79.882751,15.53,338.96698,272.955109
2017-03-21,22.327629,68.841248,49.279999,76.300003,13.905879999999998,422.256897,1796.1508789999998,55.534237,168.770004,74.791016,74.449997,250.100006,435.83837900000003,2090.0,5722.439941,320.100006,80.776794,15.8,336.80542,274.490723
2017-03-20,22.511276000000002,68.694252,49.310001,77.550003,14.098985999999998,425.186523,1795.18103,56.547458999999996,170.83500700000002,75.130531,75.650002,253.100006,436.219208,2090.967529,5816.007813,322.899994,81.179115,15.89,339.65472400000004,275.4505
2017-03-17,22.43395,69.380219,49.25,77.800003,14.237,425.577148,1783.542847,56.74045600000001,171.17799399999998,74.88801600000001,75.599998,253.30000299999998,437.55203200000005,2090.967529,5786.459961,322.399994,81.045013,16.040001,341.61975099999995,275.4505
2017-03-16,22.250303,68.547256,49.830002,77.650002,14.255395000000002,421.768646,1780.633301,56.016723999999996,170.436996,74.597008,75.300003,251.899994,429.17416399999996,2075.486084,5791.384765999999,322.799988,81.179115,16.139999,344.567291,274.20282000000003
2017-03-15,22.134315,68.449265,49.98,76.349998,14.347373000000001,419.13198900000003,1771.9047850000002,55.630736999999996,170.345001,74.160477,75.449997,250.09999100000002,426.03250099999997,2066.777832,5766.761719,322.299988,80.642685,17.35,340.83374,272.57122799999996
2017-03-14,21.979666,68.400276,49.07,76.650002,14.135777,422.745178,1760.266602,55.148251,170.529999,73.626953,75.599998,251.068237,426.31808499999994,2060.004639,5722.439941,320.399994,79.79335,17.35,341.423248,271.803436
2017-03-13,21.950668,68.59626,49.700001,76.75,14.273791000000001,431.631714,1768.0253910000001,55.87198299999999,170.158997,73.626953,75.75,251.358734,426.03250099999997,2065.810303,5756.912109000001,323.899994,80.687393,16.09,340.244232,272.187317
2017-03-10,21.98933,68.400276,49.34,76.199997,14.328978,429.67865,1762.206299,55.389495999999994,170.807999,73.190422,76.099998,250.29365499999997,427.079742,2055.166748,5668.268555,324.899994,80.73209399999999,16.17,337.689728,271.323547
2017-03-09,21.883009,68.59626,49.0,75.699997,14.209359,426.55368,1755.417358,55.727233999999996,168.029007,72.996414,75.650002,249.519058,423.366821,2044.523193,5604.248047,325.0,80.597992,16.110001,335.233429,270.555725
2017-03-08,22.172979,68.792244,48.59,76.400002,14.190963,428.213837,1742.809448,55.968479,168.492004,72.947914,75.300003,250.09999100000002,422.31958,2030.976807,5623.946777,323.5,80.240372,17.35,338.573975,269.595947
2017-03-07,22.114983,68.890244,48.700001,75.599998,13.988613,428.409149,1763.176147,56.595711,169.048004,73.190422,75.050003,249.809525,423.842834,2050.3286129999997,5559.92627,322.5,80.463875,17.35,334.447388,268.924164
2017-03-06,22.018328,68.792244,49.09,75.5,14.043798,427.139618,1773.844482,56.257968999999996,170.158997,72.947914,76.300003,252.326996,424.98526,2048.393555,5500.830566,322.5,80.642685,17.35,332.777161,271.707428
2017-03-03,22.143982,68.400276,49.25,75.25,14.669248000000001,427.725555,1763.176147,56.74045600000001,170.83500700000002,72.41439100000001,76.25,252.03649900000002,424.98526,2047.425903,5505.755371,325.299988,80.866196,16.219998999999998,330.713867,272.379242
2017-03-02,22.269636,69.086235,49.299999,75.300003,14.503687,428.995056,1760.266602,57.029945,171.455994,72.365883,75.849998,253.779373,424.794861,2061.939941,5515.604492,321.600006,80.821495,16.129998999999998,328.847107,270.17181400000004
2017-03-01,22.308296,71.14411899999999,49.279999,75.150002,14.650851000000001,428.79974400000003,1764.1459960000002,55.968479,170.345001,72.46288299999999,76.0,238.190475,422.700409,2063.875,5520.529297,321.399994,80.463875,16.200001,330.910339,269.020111
2017-02-28,21.960333,70.752136,49.150002,74.0,13.933426,424.405304,1768.995239,55.148251,171.363998,72.02636700000001,75.662224,236.93174700000003,420.98675499999996,2065.810303,5569.775879,316.0,80.285072,15.47,328.06106600000004,266.140839
2017-02-27,21.873343,69.576202,48.93,74.449997,13.85994,419.913208,1778.6936039999998,54.424521999999996,167.658005,72.074875,75.131424,235.866669,427.27011100000004,2063.875,5599.32373,315.100006,80.73209399999999,15.44,331.205109,264.605225
2017-02-24,21.863678,69.086235,48.630001,75.0,13.823148000000002,416.592987,1766.085693,53.700790000000005,166.63900800000002,72.268875,74.89016,237.415863,428.03176900000005,2061.939941,5520.529297,314.600006,81.089706,15.45,336.215942,264.413269
2017-02-23,22.163313,69.870193,49.389998999999996,75.849998,14.163418,420.792084,1769.965088,54.907008999999995,167.658005,72.559898,74.89016,237.31906099999998,430.60220300000003,2073.551025,5372.789551,317.899994,81.804939,15.63,339.163483,267.868408
2017-02-22,22.259970000000003,69.870193,49.07,76.699997,14.273791000000001,419.522614,1768.0253910000001,55.534237,168.703995,72.074875,75.083176,238.480957,430.50705,2072.583252,5358.015625,318.0,83.101303,15.7,340.440735,268.6362
2017-02-21,22.366291,70.360168,48.900002,76.449997,14.384068,420.108521,1753.477661,55.437743999999995,167.658005,71.20182,74.697144,238.674606,431.078217,2051.2963870000003,5333.392578,318.399994,83.369522,15.98,340.735474,269.97985800000004
2017-02-20,22.037658999999998,69.723198,48.75,75.949997,14.273791000000001,418.74136400000003,1757.3570559999998,54.907008999999995,166.546997,71.056313,74.02158399999999,236.253967,430.221405,2060.972168,5338.317383,315.700012,83.235413,15.96,337.591461,267.868408
2017-02-17,21.998997,69.282219,48.349998,74.800003,14.080589999999999,416.885925,1746.688843,53.893784,166.362,71.63834399999999,74.311111,235.769836,426.4133,2060.004639,5313.693848,313.200012,82.922501,15.81,330.713867,267.388519
2017-02-16,22.172979,69.91918199999999,48.799999,76.300003,13.942670999999999,417.37420699999996,1730.201416,54.424521999999996,166.362,70.280266,73.539047,235.09207200000003,425.556488,2057.101807,5313.693848,314.100006,83.235413,15.94,333.759674,268.15631099999996
2017-02-15,22.211639,70.360168,49.009997999999996,76.300003,14.181813,418.448395,1726.3220210000002,54.858757,164.880005,70.959312,73.153023,233.83332799999997,422.12918099999996,2059.037109,5358.015625,315.899994,82.698982,16.15,330.026093,270.17181400000004
2017-02-14,22.134315,70.213173,48.209998999999996,75.650002,13.887485,415.811737,1721.4729,54.231525,164.416,70.813797,72.477463,229.86347999999998,420.129913,2049.361084,5264.447754,313.100006,83.86125200000001,15.94,330.713867,271.41949500000004
2017-02-13,22.230972,69.625206,47.830002,75.900002,13.574760000000001,418.253082,1711.774414,54.569263,164.694,71.44433599999999,72.863495,232.38095099999998,420.891541,2045.4907230000001,5323.543457,311.299988,84.218864,15.89,333.956146,269.787933
2017-02-10,22.018328,68.449265,47.220001,74.400002,13.482783,415.323456,1715.653809,53.845535,163.86099199999998,71.735344,72.380951,232.284119,422.985992,2024.203735,5269.37207,308.100006,85.11290699999999,15.98,329.141846,271.131592
2017-02-09,22.018328,68.449265,47.220001,74.400002,13.482783,415.323456,1715.653809,53.845535,163.86099199999998,71.735344,72.380951,232.284119,422.985992,2024.203735,5264.447754,308.100006,85.11290699999999,15.98,329.141846,271.131592
2017-02-08,21.776688,67.95929,47.07,73.75,13.243641,414.932831,1716.623657,52.398075,161.729996,71.880859,71.512383,229.86347999999998,419.46350099999995,2017.4305420000003,5229.975098,303.899994,84.129463,15.78,329.731354,272.57122799999996
2017-02-07,22.540272,69.331215,46.880001,74.75,13.620797,412.491486,1697.226807,52.398075,162.378998,70.668289,71.367615,230.92857400000003,413.751343,2000.981445,5185.65332,306.700012,83.86125200000001,15.79,332.678894,273.434998
2017-02-06,22.404953,69.47821,46.860001000000004,74.199997,13.749566,410.245453,1674.92041,52.784065000000005,159.229004,70.474281,70.788567,228.60476699999998,410.514435,1995.175903,5180.728515999999,306.5,83.950653,15.82,334.054413,273.722931
2017-02-03,22.665926000000002,69.527206,46.75,75.550003,13.869089,412.296204,1664.252075,53.121803,162.033997,70.668289,70.402534,228.314285,411.65686,2008.72229,5185.65332,308.100006,84.397675,16.0,341.423248,275.16256699999997
2017-02-02,22.646595,69.723198,46.290001000000004,75.849998,13.629948,410.929016,1671.0410160000001,52.349827000000005,161.638,69.84375,69.582222,226.087296,409.657593,2006.7869870000002,5146.255859000001,303.299988,83.68244200000001,15.71,348.006104,272.091339
2017-02-01,22.694921,69.67420200000001,46.82,75.849998,13.961067000000002,411.026672,1690.437866,51.770844,162.378998,69.98925799999999,70.01651,229.96031200000002,412.228088,2005.8194579999997,5121.632813,306.200012,83.458923,15.91,344.567291,274.682709
2017-01-31,22.646595,68.988235,46.240002000000004,76.699997,13.786357,411.710266,1725.352295,51.047112,167.565994,70.134766,69.91999799999999,225.60317999999998,414.132141,2024.203735,5106.858886999999,299.100006,82.34137,15.97,343.388275,272.091339
2017-01-30,22.733585,69.037231,46.110001000000004,76.349998,13.979462,411.514954,1798.090576,51.481346,169.604004,70.231773,69.485718,226.57142599999997,412.60888700000004,2020.3333739999998,5057.612305,298.5,82.74369,16.139999,340.440735,272.859131
2017-01-27,22.955894,69.723198,46.09,77.199997,14.053045000000001,415.030487,1769.965088,52.15683,169.789001,70.959312,69.389206,228.798416,416.03619399999997,2035.8148190000002,5023.139647999999,300.799988,84.040054,16.25,344.567291,278.04184
2017-01-26,22.955894,71.291115,47.369999,77.349998,14.57727,418.448395,1759.296753,52.349827000000005,172.753006,70.61979699999999,69.389206,228.21745299999998,416.32180800000003,2032.9119870000002,4998.516602000001,302.899994,83.41422299999999,17.02,348.595581,276.986115
2017-01-25,22.694921,71.14411899999999,47.07,78.25,14.632457,416.98358199999996,1784.512695,52.97705799999999,172.104996,71.589844,68.761902,227.34603900000002,416.98822,2029.0416260000002,4954.194824,303.100006,84.218864,17.23,349.774597,276.31427
2017-01-24,22.076323000000002,70.115181,46.299999,76.550003,14.071439999999999,412.100861,1767.0555420000003,51.240105,169.882004,71.15332,67.121269,224.05397000000002,416.512207,2008.72229,4837.973145,296.0,82.788391,16.809998999999998,341.717987,267.004639
2017-01-23,21.921671,69.47821,45.32,76.300003,13.924276,411.221985,1764.1459960000002,49.503151,169.882004,70.91080500000001,67.603813,224.82856800000002,418.130676,1984.532471,4773.952636999999,294.200012,82.296669,16.48,337.689728,265.37304700000004
2017-01-20,22.066656,69.282219,46.630001,76.25,14.301337,410.83139,1756.387207,49.261909,169.882004,71.15332,68.424126,226.087296,420.60592699999995,2026.138916,4752.28418,295.200012,82.654282,16.690001000000002,339.163483,266.52475
2017-01-19,21.912005999999998,69.331215,47.049999,76.699997,14.163418,412.491486,1763.176147,49.310158,169.815994,71.007805,68.617142,225.60317999999998,425.27087400000005,2022.268555,4742.435059,296.399994,82.698982,16.77,342.012756,265.181061
2017-01-18,21.728359,68.400276,47.299999,76.0,14.053045000000001,414.24926800000003,1751.537964,49.406658,170.00100700000002,71.541336,69.678726,228.120636,428.03176900000005,2020.3333739999998,4725.691406,292.399994,83.056602,16.549999,338.37744100000003,266.812683
2017-01-17,21.6607,68.59626,47.849998,76.400002,14.411710000000001,414.63989300000003,1759.296753,50.323383,168.770004,71.15332,68.858414,227.24920699999998,430.69741799999997,2022.268555,4708.947265999999,292.899994,83.41422299999999,16.91,340.14599599999997,267.10058599999996
2017-01-16,21.718693,68.645256,47.779999,76.800003,14.57727,405.46038799999997,1769.965088,50.757618,170.067001,71.832359,69.582222,228.120636,432.50625599999995,2069.680664,4723.721191,292.600006,84.084755,17.040001,344.174286,270.17181400000004
2017-01-13,21.912005999999998,69.184227,48.139998999999996,77.400002,14.825562,404.288544,1792.2714839999999,52.349827000000005,171.548996,72.268875,70.45079,231.412704,439.075287,2076.4536129999997,4758.193848,295.600006,86.18576,17.34,347.41659500000003,272.283295
2017-01-12,21.622038,69.135231,47.18,77.0,14.393314000000002,403.019043,1795.18103,51.143608,170.899994,72.220375,70.25778199999999,228.411102,436.980804,2052.263916,4726.67627,294.299988,85.202316,16.700001,343.683014,269.020111
2017-01-11,21.854013000000002,68.694252,47.310001,70.900002,14.742829,403.311981,1802.9396969999998,51.384853,172.66000400000001,72.074875,71.85015899999999,233.155563,439.170471,2047.425903,4751.299316,295.200012,85.96225,16.75,325.899567,272.76318399999997
2017-01-10,21.380395999999998,68.449265,47.459998999999996,70.900002,14.61406,400.577698,1789.361938,52.012085,170.83500700000002,72.074875,72.766983,235.673004,439.74169900000004,2030.0092769999999,4728.645996,294.299988,85.69403100000001,16.780001000000002,324.42578100000003,272.667206
2017-01-09,21.119423,67.95929,47.200001,68.199997,14.632457,400.08941699999997,1808.758789,51.770844,170.158997,72.46288299999999,72.380951,234.220627,443.83541900000006,2045.4907230000001,4740.465332,297.100006,85.87284100000001,16.799999,315.48492400000003,273.147064
2017-01-06,21.206415,68.00829300000001,47.860001000000004,67.400002,14.61406,400.675323,1812.638184,52.25333,170.807999,72.365883,72.139679,233.639679,444.69226100000003,2032.9119870000002,4716.82666,298.299988,86.54338100000001,17.0,306.937042,274.106842
2017-01-05,21.042099,68.057281,48.43,66.150002,14.494442000000001,401.065948,1817.487427,52.060333,170.067001,71.880859,72.284447,233.542862,444.40661600000004,2035.8148190000002,4784.787109000001,298.0,86.76688399999999,16.969998999999998,305.168518,274.298767
2017-01-04,21.032432999999997,68.057281,48.139998999999996,66.5,14.788770999999999,397.355072,1816.5175780000002,51.770844,169.139999,71.10481999999999,71.753647,230.541275,437.456818,2023.236084,4791.681640999999,298.5,87.616226,17.120001000000002,307.919556,275.546478
2017-01-03,21.003435,66.195396,47.669998,67.25,14.292187,400.284698,1802.9396969999998,51.577847,163.86099199999998,70.52278100000001,72.42920699999999,228.507935,430.60220300000003,2026.138916,4814.334961,296.5,87.21390500000001,16.700001,309.58984399999997,274.490723
